-2.193249940872184 1.9174000707405198e-07
-2.1954965234796595 -0.0038487828824290116
-2.1957365017987516 -0.007698622763830415
-2.19846951282557 -0.011562463067833343
-2.2024459525852293 -0.015444676877221604
-2.202415491678916 -0.019305805231063553
-2.2023782617980032 -0.023166874249822854
-2.204084123658188 -0.027049347012353887
-2.2075329563831105 -0.03096241470008525
-2.2117245654008855 -0.03489948807785211
-2.211659983617017 -0.03877685305703878
-2.212588584419463 -0.04267338510544546
-2.2110105749780966 -0.0465206964212836
-2.2134250288944215 -0.0504537644140794
-2.219581198275732 -0.054487466400322496
-2.2192324880579086 -0.05837200508569266
-2.2121295287008347 -0.0620661739557391
-2.205769952318598 -0.06575796189631881
-2.2021530388105197 -0.06951441280235048
-2.202027787617916 -0.07337494455335783
-2.1983979350636442 -0.07711255831094338
-1.3859177840214576 -0.06078083792421308
-1.3858090981556415 -0.06321042473171998
-1.3856961530995773 -0.06563981726627473
-1.3855789492003936 -0.0680690080613042
-1.385457486818309 -0.07049798965085527
-1.3853317663266298 -0.07292675456961782
-1.385201788111749 -0.07535529535294763
-1.3850675525731464 -0.07778360453688937
-1.3849290601233857 -0.08021167465819949
-1.3847863111881136 -0.08263949825436921
-1.3793992089304754 -0.08474513585683788
-1.3742584801405888 -0.0868479064132495
-1.369364089521713 -0.08894911757092369
-1.3692060467193057 -0.09134964047858384
-1.3648037950354932 -0.09345953430661982
-1.3626427930906653 -0.09571192276267973
-1.362472904607823 -0.09810065203850857
-1.357561685642132 -0.10013964756039295
-1.3536446071857853 -0.10223703302465033
-1.352466339094365 -0.10453292219945914
-1.3510348612458658 -0.10680528443526531
-1.3471077630886261 -0.10887156390214761
-1.3469148280484038 -0.11123303818326831
-1.3432301533067192 -0.11329999534474616
-1.3417840413742166 -0.11554741591811395
-1.3390889522551308 -0.11768068243356075
-1.336390633661188 -0.11980486576364469
-1.3361785476997952 -0.12214753482925043
-1.335464429234408 -0.12444342994203786
-1.3342487626026331 -0.12668994788272286
-1.333775788832671 -0.12900478509899632
-1.3335475783268018 -0.13134285589012537
-1.3333152692529202 -0.13368052300789732
-1.3283533830437906 -0.13553562534865013
-1.3233891047780293 -0.13737374246520867
-1.3224003192588105 -0.1396148395053045
-1.3214078640828775 -0.1418529048009331
-1.3199144964897818 -0.14403367089584954
-1.3179206302129758 -0.14615453021128763
-1.3171655584124968 -0.14840880051460237
-1.3161581556305912 -0.15063243464977058
-1.3139054548338163 -0.1527086935721944
-1.3136357190665608 -0.15501189285684946
-1.3123691152490937 -0.15719569437201972
-1.3110987765828033 -0.15937551726916832
-1.3093286276572607 -0.16149016869657568
-1.3087954560682 -0.16375429542454556
-1.3080103777170125 -0.1659855790046944
-1.3074693192674105 -0.16824650303632685
-1.3081639968307075 -0.17066776844033374
-1.3031537722067432 -0.17233812198312967
-1.3028496402178833 -0.17462244211288636
-1.2968438723785065 -0.17613239492725236
-1.2962854499239083 -0.17837157028775819
-1.2957230448379833 -0.1806093126634615
-1.294661841850738 -0.18277575803411714
-1.2933494436765172 -0.18490364219182298
-1.291538760136735 -0.18695586154095215
-1.2899723186885206 -0.18903856481044948
-1.2884024301213646 -0.19111633342176274
-1.287076436364052 -0.19322629257494633
-1.2850055692049163 -0.19521955015054804
-1.284661351214932 -0.19747201914007387
-1.282830989641611 -0.19949338463738844
-1.2837141261570368 -0.20193628342049033
-1.2848395128899857 -0.2044221701165607
-1.2859601243628391 -0.20691262260173388
-1.2878161604360268 -0.20952806453966552
-1.2894204225433883 -0.21211009159999614
-1.2902795626119594 -0.2145753200559069
-1.2901479264546383 -0.2168784466234021
-1.290258747231184 -0.21922366446600883
-1.2898724390752372 -0.22148530601958188
-1.2882505413234921 -0.22353255970668187
-1.285147958557211 -0.22531577291916766
-1.2862279966402022 -0.22783007016651424
-1.2887797219218833 -0.2306130598456306
-1.2883734490617464 -0.23287209098805986
-1.2879632164732182 -0.23513040641391578
